5	5672.6	2984.8	2232.2	661.8
6	1758.6666666666667	919.6666666666666	815.1666666666666	545.1666666666666
7	1633.5714285714287	1005.4285714285714	823.8571428571429	622.5714285714286
8	2014.875	906.5	877.125	630.75
9	1394.888888888889	769.7777777777778	686.6666666666666	538.6666666666666
10	1522.2	841.3	1286.9	811.4
11	1519.6363636363637	720.7272727272727	672.5454545454545	524.0909090909091
12	4541.25	3309.8333333333335	3401.0833333333335	1119.0833333333333
13	759.3076923076923	211593.61538461538	1103.923076923077	514.0
14	738.3571428571429	396.64285714285717	324.92857142857144	251.71428571428572
15	1004.7333333333333	4281.466666666666	491.8666666666667	347.46666666666664
16	784.375	387.125	386.6875	247.0
17	5289.235294117647	27745.235294117647	839.8235294117648	370.8235294117647
18	2390.5	1181.3333333333333	362.3888888888889	162.38888888888889
19	1219.8947368421052	246.10526315789474	344.57894736842104	152.42105263157896
20	419.75	245.65	312.8	149.1
21	410.42857142857144	317.5238095238095	320.23809523809524	150.1904761904762
22	397.45454545454544	236.36363636363637	356.22727272727275	158.3181818181818
23	428.1304347826087	223.04347826086956	28721.478260869564	256.7391304347826
24	434.125	232.83333333333334	229.125	153.625
25	368.44	225.2	216.16	128.76
26	361.1923076923077	221.53846153846155	198.42307692307693	291.2307692307692
27	468.22222222222223	256.0740740740741	200.14814814814815	162.88888888888889
28	379.75	219.67857142857142	200.14285714285714	141.17857142857142
29	433.7586206896552	215.6551724137931	201.75862068965517	164.58620689655172
30	357.6	202.46666666666667	189.83333333333334	120.2
31	322.2258064516129	222.93548387096774	212.32258064516128	139.8709677419355
32	316.96875	215.46875	404.03125	122.125
33	313.3939393939394	209.6969696969697	187.57575757575756	164.0
34	232.8235294117647	116.44117647058823	162.41176470588235	82.47058823529412
35	115.22857142857143	99.62857142857143	67.88571428571429	76.57142857142857
36	311.5	140.5	188.94444444444446	173.77777777777777
37	217.67567567567568	266.05405405405406	132.0	112.27027027027027
38	322.7894736842105	192.71052631578948	162.60526315789474	135.5
39	314.12820512820514	181.66666666666666	180.2051282051282	119.3076923076923
40	259.8	178.075	194.325	123.35
41	145.9268292682927	106.97560975609755	92.17073170731707	167.6829268292683
42	279.54761904761904	181.1904761904762	160.04761904761904	127.45238095238095
43	302.72093023255815	178.97674418604652	174.93023255813952	125.04651162790698
44	236.3409090909091	171.0909090909091	155.1590909090909	117.61363636363636
45	541.7555555555556	184.55555555555554	254.51111111111112	123.91111111111111
46	258.32608695652175	159.7391304347826	167.34782608695653	120.32608695652173
47	247.85106382978722	166.7659574468085	153.72340425531914	118.42553191489361
48	392.0833333333333	209.54166666666666	220.20833333333334	130.27083333333334
49	374.6734693877551	221.57142857142858	175.0408163265306	129.40816326530611
50	187.18	106.24	112.48	79.54
51	375.0	195.0	282.70588235294116	141.54901960784315
52	372.9423076923077	202.76923076923077	294.4423076923077	133.3846153846154
53	275.1320754716981	139.0	152.8490566037736	114.81132075471699
54	251.90740740740742	136.25925925925927	153.37037037037038	120.5925925925926
55	364.41818181818184	194.43636363636364	163.9090909090909	273.3090909090909
56	306.3392857142857	170.01785714285714	165.01785714285714	103.89285714285714
57	2930.0877192982457	185.8421052631579	163.73684210526315	111.36842105263158
58	634.6034482758621	247.5	212.51724137931035	274.12068965517244
59	282.77966101694915	188.66101694915255	162.98305084745763	118.77966101694915
60	327.0833333333333	171.6	163.46666666666667	113.61666666666666
61	299.0	178.327868852459	253.01639344262296	116.91803278688525
62	286.53225806451616	179.75806451612902	158.7258064516129	113.66129032258064
63	383.015873015873	190.1904761904762	193.79365079365078	127.77777777777777
64	228.0	193.1875	121.75	105.890625
65	334.6307692307692	191.69230769230768	176.47692307692307	122.47692307692307
66	311.09090909090907	177.06060606060606	194.9848484848485	153.6060606060606
67	223.3582089552239	144.83582089552237	122.41791044776119	107.67164179104478
68	243.33823529411765	155.55882352941177	194.26470588235293	107.95588235294117
69	236.57971014492753	241.82608695652175	148.55072463768116	118.68115942028986
70	274.3857142857143	169.61428571428573	138.12857142857143	108.34285714285714
71	255.35211267605635	154.9718309859155	167.90140845070422	114.83098591549296
72	327.6666666666667	187.29166666666666	176.0	118.23611111111111
73	334.82191780821915	179.6164383561644	163.08219178082192	102.52054794520548
74	330.05405405405406	174.85135135135135	135.17567567567568	105.82432432432432
75	210.94666666666666	127.17333333333333	122.38666666666667	102.69333333333333
76	187.8815789473684	209.76315789473685	120.40789473684211	103.15789473684211
77	2915.4545454545455	192.75324675324674	164.35064935064935	113.2987012987013
78	219.24358974358975	160.7948717948718	115.97435897435898	188.51282051282053
79	403.46835443037975	154.21518987341773	138.43037974683546	108.26582278481013
80	206.9875	142.0	157.65	139.175
81	602.1111111111111	161.90123456790124	131.12345679012347	107.12345679012346
82	230.71951219512195	175.5609756097561	203.8780487804878	104.48780487804878
83	280.8072289156627	184.9156626506024	158.289156626506	117.89156626506023
84	217.5	132.66666666666666	149.1904761904762	102.89285714285714
85	186.31764705882352	134.7058823529412	127.07058823529412	106.37647058823529
86	258.4418604651163	168.7906976744186	199.65116279069767	137.3372093023256
87	251.49425287356323	163.8505747126437	155.8735632183908	109.80459770114942
88	174.5	132.39772727272728	114.85227272727273	110.38636363636364
89	172.14606741573033	139.79775280898878	110.78651685393258	110.47191011235955
90	175.74444444444444	130.45555555555555	111.15555555555555	153.73333333333332
91	231.87912087912088	162.63736263736263	159.2087912087912	105.03296703296704
92	231.0108695652174	164.06521739130434	463.4021739130435	157.8695652173913
93	223.51612903225808	152.09677419354838	198.19354838709677	108.70967741935483
94	309.79787234042556	257.48936170212767	151.96808510638297	114.15957446808511
95	282.0315789473684	173.43157894736842	168.53684210526316	114.61052631578947
96	295.0104166666667	139.94791666666666	121.94791666666667	99.96875
97	207.29896907216494	164.4536082474227	158.23711340206185	112.22680412371135
98	256.96938775510205	15616.989795918367	205.3265306122449	115.93877551020408
99	233.65656565656565	128.989898989899	123.3030303030303	143.56565656565655
100	173.81	146.31	124.04	110.82
101	208.04950495049505	207.47524752475246	379.08910891089107	113.0990099009901
102	180.87254901960785	137.54901960784315	125.91176470588235	96.77450980392157
103	169.24271844660194	362.252427184466	117.93203883495146	74.89320388349515
104	166.06730769230768	103.24038461538461	153.44230769230768	109.65384615384616
105	8143.1809523809525	143.82857142857142	159.82857142857142	89.17142857142858
106	223.83962264150944	185.16981132075472	131.66981132075472	83.54716981132076
107	167.6728971962617	100.49532710280374	117.6355140186916	81.48598130841121
108	152.5648148148148	151.25925925925927	120.85185185185185	71.33333333333333
109	140.12844036697248	97.53211009174312	160.1743119266055	81.19266055045871
110	128.46363636363637	81.46363636363637	113.14545454545454	75.46363636363637
111	154.16216216216216	94.08108108108108	105.0	77.73873873873873
112	235.34821428571428	105.46428571428571	198.10714285714286	68.61607142857143
113	168.23893805309734	84.23008849557522	147.7433628318584	64.20353982300885
114	189.1140350877193	88.35964912280701	114.10526315789474	67.60526315789474
115	202.54782608695652	98.05217391304348	178.8521739130435	71.67826086956522
116	422.0689655172414	123.26724137931035	180.39655172413794	64.08620689655173
117	141.72649572649573	90.6923076923077	117.78632478632478	61.1025641025641
118	125.97457627118644	73.40677966101696	130.9322033898305	60.483050847457626
119	146.43697478991598	80.25210084033614	108.05042016806723	58.46218487394958
120	139.63333333333333	80.85	107.39166666666667	65.96666666666667
121	203.31404958677686	159.2479338842975	120.44628099173553	59.570247933884296
122	147.00819672131146	92.37704918032787	150.31967213114754	103.91803278688525
123	308.3089430894309	108.17073170731707	120.130081300813	65.16260162601625
124	266.66129032258067	107.04838709677419	115.5241935483871	70.8225806451613
125	225.928	97.552	165.952	66.104
126	140.8095238095238	89.28571428571429	100.63492063492063	64.67460317460318
127	155.43307086614172	78.07086614173228	122.51968503937007	64.54330708661418
128	233.5	104.7265625	119.640625	70.1953125
129	185.93798449612405	91.5891472868217	161.04651162790697	65.70542635658914
130	194.55384615384617	87.42307692307692	220.1769230769231	68.94615384615385
131	303.5496183206107	131.58778625954199	154.26717557251908	65.12213740458016
132	236.59848484848484	95.61363636363636	124.76515151515152	72.04545454545455
133	144.18796992481202	34472.6992481203	197.1954887218045	83.66165413533835
134	164.00746268656715	91.19402985074628	112.95522388059702	108.11940298507463
135	174.57777777777778	95.05925925925926	112.65925925925926	59.28888888888889
136	141.5808823529412	94.63970588235294	93.13235294117646	66.04411764705883
137	213.86131386861314	87.18978102189782	113.81751824817518	58.37956204379562
138	376.1304347826087	138.15217391304347	333.68840579710144	69.18115942028986
139	190.97122302158274	88.19424460431655	241.53956834532374	125.41726618705036
140	144.32857142857142	65.84285714285714	100.47857142857143	58.47142857142857
141	203.2695035460993	98.83687943262412	125.18439716312056	64.82978723404256
142	210.8732394366197	99.27464788732394	115.33802816901408	68.80281690140845
143	186.53846153846155	90.99300699300699	102.00699300699301	57.41958041958042
144	216.375	90.60416666666667	104.84722222222223	67.31944444444444
145	158.2206896551724	163.75172413793103	131.78620689655173	78.44137931034483
146	195.37671232876713	81.05479452054794	152.52739726027397	65.02054794520548
147	181.58503401360545	87.93197278911565	113.87074829931973	269.72108843537416
148	169.5608108108108	85.79054054054055	108.36486486486487	67.06756756756756
149	140.60402684563758	76.33557046979865	92.09395973154362	66.7248322147651
150	204.92666666666668	89.98	101.88666666666667	70.53333333333333
151	199.33774834437085	119.25827814569537	132.13245033112582	99.6092715231788
152	1787.2631578947369	73.41447368421052	81.11842105263158	41.30263157894737
153	1298.045751633987	81.63398692810458	73.90196078431373	31.49673202614379
154	160.48701298701297	60.396103896103895	77.24025974025975	35.0974025974026
155	142.5483870967742	51.96774193548387	74.61935483870968	36.45161290322581
156	142.84615384615384	59.14102564102564	57.94871794871795	32.91025641025641
157	103.21019108280255	46.80891719745223	68.28662420382166	36.2484076433121
158	145.77215189873417	54.72784810126582	71.22151898734177	41.575949367088604
159	110.93081761006289	57.22012578616352	58.477987421383645	39.25157232704402
160	147.09375	51.225	56.10625	35.78125
161	335.57142857142856	98.2360248447205	90.65217391304348	40.7639751552795
162	163.00617283950618	52.65432098765432	61.69753086419753	40.611111111111114
163	102.87116564417178	43.625766871165645	56.57055214723926	37.374233128834355
164	116.4939024390244	43.426829268292686	65.20731707317073	33.00609756097561
165	109.93939393939394	51.872727272727275	65.9030303030303	33.13333333333333
166	50.33734939759036	26.734939759036145	22.518072289156628	22.656626506024097
167	126.91616766467065	59.724550898203596	67.51497005988024	32.8502994011976
168	146.38095238095238	58.279761904761905	57.041666666666664	32.75595238095238
169	165.07692307692307	57.218934911242606	57.40828402366864	367.905325443787
170	94623.62352941177	84.31764705882352	87.49411764705883	34.629411764705885
171	125.18713450292398	57.187134502923975	71.44444444444444	34.64327485380117
172	112.8313953488372	51.16279069767442	64.4186046511628	36.848837209302324
173	112.08670520231213	48.67052023121387	54.46820809248555	36.20809248554913
174	155.92528735632183	59.793103448275865	67.34482758620689	37.666666666666664
175	135.09714285714287	45.06285714285714	69.69142857142857	35.76
176	130.41477272727272	44.86363636363637	52.68181818181818	29.892045454545453
177	126.93785310734464	52.45762711864407	68.80225988700565	32.86440677966102
178	954.7415730337078	109.65168539325843	93.48876404494382	32.46067415730337
179	322.9888268156425	68.44134078212291	103.97765363128492	30.675977653631286
180	106.33888888888889	49.15555555555556	49.07222222222222	36.32222222222222
181	86.01657458563535	51.70165745856354	47.193370165745854	36.38121546961326
182	81.52747252747253	46.81868131868132	43.6978021978022	34.80769230769231
183	88.97267759562841	45.005464480874316	43.0655737704918	35.75409836065574
184	137.44021739130434	52.17934782608695	61.40760869565217	252.43478260869566
185	295.61621621621623	93.41081081081082	110.28648648648648	41.108108108108105
186	85.29032258064517	45.24731182795699	45.973118279569896	38.994623655913976
187	68.00534759358288	39.850267379679146	36.55614973262032	36.3475935828877
188	132.95744680851064	55.63297872340426	55.98936170212766	35.962765957446805
189	362.7354497354497	90.0952380952381	127.9047619047619	40.89417989417989
190	114.5578947368421	48.17368421052632	59.68421052631579	35.1578947368421
191	112.74869109947645	49.068062827225134	47.261780104712045	38.24083769633508
192	96.15625	43.041666666666664	53.578125	38.020833333333336
193	146.78756476683938	60.77720207253886	63.8860103626943	38.0
194	140.44845360824743	54.70103092783505	65.31443298969072	36.170103092783506
195	329.36410256410255	94.8051282051282	101.92307692307692	36.18974358974359
196	108.85204081632654	48.33673469387755	47.86734693877551	36.68877551020408
197	382.23857868020303	86.69543147208122	100.70558375634518	42.558375634517766
198	100.5959595959596	52.0	57.97979797979798	30.72222222222222
199	129.28643216080403	58.949748743718594	65.61809045226131	37.437185929648244
200	156.01	58.185	67.525	37.87
201	138.39800995024876	60.208955223880594	68.76616915422886	37.024875621890544
202	74.11386138613861	42.836633663366335	39.133663366336634	35.84653465346535
203	107.63546798029557	48.827586206896555	40.36945812807882	33.532019704433495
204	150.42156862745097	58.42156862745098	64.50980392156863	31.13235294117647
205	107.50243902439024	43.97073170731707	52.609756097560975	76.79024390243903
206	147.5873786407767	61.8252427184466	66.81067961165049	35.33980582524272
207	145.16425120772948	55.24154589371981	62.18840579710145	35.53623188405797
208	142.89423076923077	49.21634615384615	48.11538461538461	38.46153846153846
209	96.66028708133972	42.07177033492823	56.27751196172249	31.904306220095695
210	134.58095238095237	59.71904761904762	63.628571428571426	41.49047619047619
211	116.93364928909952	51.29383886255924	47.056872037914694	37.38388625592417
212	180.4811320754717	66.02830188679245	69.77358490566037	38.806603773584904
213	143.07511737089203	56.76056338028169	65.53990610328638	39.051643192488264
214	134.30373831775702	48.56542056074766	57.51401869158879	37.7196261682243
215	103.67441860465117	48.93488372093023	43.30232558139535	39.22790697674419
216	110.18981481481481	46.745370370370374	52.69444444444444	33.708333333333336
217	110.50230414746544	52.235023041474655	62.046082949308754	34.8294930875576
218	95.11467889908256	48.70183486238532	73.6559633027523	38.174311926605505
219	116.2648401826484	54.598173515981735	49.5662100456621	34.52054794520548
220	114.1590909090909	42.413636363636364	58.13181818181818	34.06818181818182
221	87.12217194570135	48.05429864253394	53.98642533936651	39.18552036199095
222	133.97297297297297	57.78378378378378	59.74324324324324	32.12162162162162
223	124.54260089686099	57.336322869955154	69.85201793721973	34.27354260089686
224	111.01785714285714	40.339285714285715	45.419642857142854	70.71875
225	115.51555555555555	45.46666666666667	45.217777777777776	39.595555555555556
226	114.29203539823008	42.45575221238938	43.61504424778761	38.19911504424779
227	100.18942731277534	51.969162995594715	48.98237885462555	36.92511013215859
228	111.45614035087719	38.44298245614035	62.14035087719298	32.85087719298246
229	116.08296943231441	54.44541484716157	68.53275109170306	37.03493449781659
230	110.04347826086956	43.13478260869565	44.56521739130435	60.221739130434784
231	105.22510822510823	45.96103896103896	67.1038961038961	36.74891774891775
232	123.375	44.80603448275862	55.28448275862069	41.133620689655174
233	131.3175965665236	50.562231759656655	55.92274678111588	40.78969957081545
234	114.75641025641026	49.91025641025641	55.84615384615385	34.67094017094017
235	120.9404255319149	50.212765957446805	46.51914893617021	41.34468085106383
236	138.385593220339	46.58050847457627	76.44915254237289	37.8771186440678
237	84.31223628691983	46.80168776371308	43.767932489451475	39.21097046413502
238	135.07142857142858	43.01260504201681	53.84873949579832	42.92016806722689
239	102.57322175732217	47.88284518828452	56.43096234309623	34.30125523012552
240	114.96666666666667	44.083333333333336	45.325	41.57083333333333
241	111.5643153526971	45.72199170124481	55.42323651452282	38.67634854771784
242	196.66528925619835	48.15289256198347	52.78099173553719	36.31404958677686
243	123.76543209876543	47.97942386831276	66.24279835390946	41.60082304526749
244	94.86475409836065	45.83196721311475	48.4344262295082	40.959016393442624
245	106.98367346938775	46.87755102040816	60.583673469387755	40.946938775510205
246	86.90650406504065	45.353658536585364	60.28048780487805	38.60162601626016
247	85.96761133603239	45.012145748987855	49.80566801619433	38.83400809716599
248	102.08064516129032	54.653225806451616	53.96370967741935	41.92338709677419
249	129.86746987951807	47.0722891566265	59.22489959839358	38.01204819277108
250	126.644	57.36	51.012	39.78
251	96.21115537848605	51.38247011952191	47.235059760956176	37.48207171314741
252	81.07142857142857	41.32539682539682	39.083333333333336	41.90079365079365
253	156.19367588932806	51.65612648221344	49.33596837944664	37.715415019762844
254	90.18897637795276	47.110236220472444	44.62992125984252	38.003937007874015
255	175.39607843137256	58.498039215686276	44.22352941176471	36.82745098039216
256	138.40234375	489.1015625	70.56640625	42.73828125
257	105.47859922178988	45.5136186770428	52.48249027237354	40.40466926070039
258	59.64341085271318	28.344961240310077	28.368217054263567	46.593023255813954
259	134.57142857142858	57.75675675675676	64.29729729729729	42.640926640926644
260	264.0923076923077	59.761538461538464	59.16538461538462	36.19615384615385
261	89.82375478927203	45.68199233716475	41.030651340996165	38.45977011494253
262	88.64885496183206	45.86259541984733	46.286259541984734	37.713740458015266
263	119.26996197718631	67.27376425855513	58.92395437262358	38.463878326996195
264	182.61742424242425	53.946969696969695	50.734848484848484	38.803030303030305
265	152.71320754716982	66.51320754716981	419.52830188679246	62.577358490566034
266	122.2406015037594	43.45864661654135	58.067669172932334	39.2593984962406
267	104.69662921348315	37.51310861423221	57.449438202247194	40.52808988764045
268	85.65298507462687	42.757462686567166	38.02238805970149	41.89179104477612
269	69.06691449814126	44.42379182156134	39.446096654275095	41.69144981412639
270	380.9888888888889	332.72592592592594	105.35925925925926	40.56296296296296
271	105.0479704797048	48.90036900369004	41.93726937269373	42.457564575645755
272	315.5367647058824	76.67279411764706	84.23897058823529	47.86764705882353
273	122.45787545787546	54.31868131868132	50.223443223443226	38.505494505494504
274	127.3905109489051	43.2992700729927	44.886861313868614	38.5985401459854
275	59.087272727272726	27.32	28.46909090909091	26.490909090909092
276	99.64855072463769	43.31884057971015	50.778985507246375	41.01449275362319
277	161.942238267148	61.69675090252708	58.2129963898917	38.27436823104693
278	140.13309352517985	55.32014388489208	465.94604316546764	45.29496402877698
279	177.80286738351253	56.5663082437276	59.60573476702509	37.92831541218638
280	96.85714285714286	44.892857142857146	41.02142857142857	40.207142857142856
281	80.62277580071175	43.11032028469751	40.569395017793596	38.580071174377224
282	70.30141843971631	39.9468085106383	39.93262411347518	37.09219858156028
283	75.19434628975264	43.78445229681979	37.293286219081274	60.17314487632509
284	95.76760563380282	46.598591549295776	41.975352112676056	39.056338028169016
285	59.76491228070176	26.417543859649122	27.424561403508772	26.957894736842107
286	71.5104895104895	44.43706293706294	41.91258741258741	43.83916083916084
287	102.15331010452962	43.045296167247386	47.30662020905923	38.45296167247387
288	207.16319444444446	55.666666666666664	108.45833333333333	41.895833333333336
289	275.94809688581313	59.418685121107266	77.37024221453287	84.80622837370242
290	85.52758620689656	45.4448275862069	53.358620689655176	43.237931034482756
291	85.94845360824742	40.29896907216495	45.446735395189	36.94845360824742
292	110.14383561643835	45.11986301369863	49.51027397260274	41.636986301369866
293	174.3924914675768	52.59044368600683	59.303754266211605	41.29351535836177
294	108.21088435374149	52.51700680272109	46.54421768707483	34.51360544217687
295	136.20338983050848	54.52542372881356	48.80338983050847	38.32203389830509
296	133.39527027027026	54.773648648648646	60.24662162162162	37.516891891891895
297	116.65993265993266	45.86868686868687	43.158249158249156	39.13131313131313
298	45.70134228187919	24.053691275167786	22.671140939597315	26.409395973154364
299	85.46153846153847	48.36120401337793	46.19063545150502	36.61538461538461
300	100.32666666666667	44.79666666666667	42.7	41.276666666666664
301	123.14617940199335	39.27574750830565	50.946843853820596	39.64119601328904
302	83.91059602649007	70.31788079470199	38.211920529801326	41.413907284768214
303	101.14521452145215	42.442244224422446	44.87788778877888	38.0990099009901
304	127.39473684210526	47.12171052631579	48.19736842105263	42.69078947368421
305	106.29180327868852	47.993442622950816	55.01639344262295	37.57704918032787
306	123.52614379084967	47.6437908496732	49.3921568627451	42.73856209150327
307	102.3257328990228	41.30944625407166	51.11726384364821	40.3485342019544
308	89.16558441558442	44.753246753246756	41.061688311688314	39.035714285714285
309	97.042071197411	45.12621359223301	44.45631067961165	38.25889967637541
310	72.38709677419355	40.403225806451616	36.91290322580645	39.6
311	86.2218649517685	76.27974276527331	40.22829581993569	43.768488745980704
312	108.13782051282051	43.958333333333336	49.59935897435897	37.28846153846154
313	133.63897763578274	51.61661341853035	42.52076677316294	38.18210862619808
314	89.13057324840764	39.9140127388535	41.68789808917197	36.52547770700637
315	74.32698412698413	41.352380952380955	39.993650793650794	66.57142857142857
316	79.34493670886076	42.348101265822784	41.322784810126585	130.5379746835443
317	87.35015772870662	42.5205047318612	44.170347003154575	44.39116719242902
318	368.8176100628931	52.25157232704402	47.808176100628934	39.09748427672956
319	113.34482758620689	49.53291536050157	49.89028213166144	41.36990595611285
320	119.41875	45.671875	40.71875	42.40625
321	129.2772585669782	51.386292834890966	49.585669781931465	43.81308411214953
322	94.07142857142857	42.67391304347826	52.36024844720497	39.767080745341616
323	107.43653250773994	52.1702786377709	53.56346749226006	40.845201238390096
324	134.91358024691357	52.98765432098765	44.891975308641975	40.23765432098765
325	10721.593846153846	61.16923076923077	53.76307692307692	39.566153846153846
326	747.3957055214723	55.41411042944785	553.9846625766871	47.58282208588957
327	99.76758409785933	44.97859327217125	42.718654434250766	46.694189602446485
328	94.25914634146342	66.20426829268293	45.646341463414636	42.52439024390244
329	73.15197568389058	41.015197568389056	40.42553191489362	45.632218844984806
330	109.93333333333334	49.02424242424242	50.7060606060606	41.22121212121212
331	77.61933534743203	38.8368580060423	39.2416918429003	34.83081570996979
332	79.394578313253	39.626506024096386	66.29819277108433	40.174698795180724
333	76.31231231231232	38.9039039039039	43.705705705705704	40.630630630630634
334	70.45508982035928	38.25449101796407	39.97604790419162	42.50299401197605
335	116.65373134328358	42.561194029850746	57.417910447761194	44.94925373134328
336	110.56845238095238	49.583333333333336	42.455357142857146	68.83630952380952
337	81.43323442136499	42.46587537091988	41.26112759643917	40.8486646884273
338	97.61242603550296	44.38165680473373	41.446745562130175	44.94082840236686
339	73.97935103244838	40.392330383480825	43.43657817109145	40.876106194690266
340	84.3264705882353	41.273529411764706	38.023529411764706	64.37941176470588
341	116.39296187683284	49.99120234604106	44.55425219941349	47.67448680351906
342	744.0906432748538	75.41228070175438	58.134502923976605	38.698830409356724
343	97.11661807580175	543.195335276968	103.71720116618076	45.28862973760933
344	45.406976744186046	25.125	25.677325581395348	47.7906976744186
345	40.24927536231884	25.918840579710146	24.32463768115942	28.07536231884058
346	39.94219653179191	25.459537572254334	23.069364161849713	27.023121387283236
347	41.654178674351584	25.365994236311238	22.435158501440924	26.763688760806918
348	39.25	22.74712643678161	38.07471264367816	25.637931034482758
349	107.89398280802293	50.01432664756447	45.31805157593123	45.22922636103152
350	172.06285714285715	37.61142857142857	30.277142857142856	29.771428571428572
351	122.33618233618233	50.98290598290598	50.03133903133903	40.04558404558404
352	172.71022727272728	49.28977272727273	102.25	41.07670454545455
353	94.25212464589235	52.01983002832861	44.31161473087819	45.82152974504249
354	91.78248587570621	41.951977401129945	48.855932203389834	42.40395480225989
355	427.47042253521124	53.06197183098592	50.38591549295775	36.83943661971831
356	103.68258426966293	71.14887640449439	50.800561797752806	36.162921348314605
357	86.94957983193277	42.719887955182074	37.97198879551821	41.17086834733894
358	106.79888268156425	52.96368715083799	42.798882681564244	37.27653631284916
359	80.76601671309193	40.16434540389972	42.57381615598886	38.21727019498607
360	95.70555555555555	41.611111111111114	42.28611111111111	40.638888888888886
361	83.67590027700831	43.27146814404432	40.27423822714682	40.6814404432133
362	95.71270718232044	39.82044198895028	44.13259668508287	38.17403314917127
363	178.87603305785123	57.91460055096419	58.349862258953166	44.76584022038568
364	152.01923076923077	35.04945054945055	31.9010989010989	151.34615384615384
365	104.69589041095891	41.397260273972606	45.964383561643835	43.416438356164385
366	80.33333333333333	47.221311475409834	39.31147540983606	43.69398907103825
367	83.19618528610354	39.28065395095368	41.438692098092645	67.85286103542235
368	247.6576086956522	29.25	29.0625	29.317934782608695
369	37.65582655826558	24.447154471544714	22.88617886178862	27.696476964769648
370	41.61081081081081	26.82162162162162	22.44054054054054	28.194594594594594
371	32.21293800539083	41.53099730458221	22.504043126684635	26.932614555256066
372	113.11021505376344	41.61021505376344	43.763440860215056	37.34139784946237
373	121.85522788203754	1070.6112600536194	104.93565683646112	725.6729222520107
374	137.02673796791444	35.86096256684492	32.07219251336898	32.080213903743314
375	116.93866666666666	34.973333333333336	29.117333333333335	33.77333333333333
376	73.50265957446808	44.31117021276596	43.34574468085106	42.9468085106383
377	75.39787798408489	44.51458885941645	43.9893899204244	41.08222811671087
378	85.21957671957672	47.357142857142854	46.195767195767196	61.68783068783069
379	83.10817941952507	44.91029023746702	47.187335092348285	40.68073878627968
380	354.12368421052633	78.58421052631579	75.88947368421053	49.30263157894737
381	41.808398950131235	24.677165354330707	25.963254593175854	30.21522309711286
382	56.518324607329845	24.910994764397905	24.973821989528794	29.74607329842932
383	161.3028720626632	63.590078328981726	53.21671018276762	43.61879895561358
384	68.3828125	44.5	38.3046875	42.1875
385	87.34805194805195	41.92467532467533	44.215584415584416	44.142857142857146
386	101.14507772020725	44.987046632124354	43.968911917098445	44.04663212435233
387	300.37984496124034	48.770025839793284	60.50645994832041	42.6640826873385
388	91.3479381443299	44.42783505154639	41.79639175257732	46.25773195876289
389	93.97172236503856	63.84832904884319	43.18766066838046	47.411311053984576
390	257.6717948717949	69.02051282051282	63.07948717948718	42.228205128205126
391	176.26854219948848	50.97442455242967	49.63427109974425	41.52173913043478
392	129.51020408163265	44.74234693877551	52.974489795918366	38.892857142857146
393	99.79389312977099	40.4529262086514	47.974554707379134	42.82442748091603
394	117.7258883248731	44.378172588832484	45.19035532994924	40.60406091370558
395	129.94430379746836	45.31898734177215	51.57974683544304	42.41012658227848
396	102.16666666666667	47.42929292929293	47.67171717171717	43.484848484848484
397	98.088161209068	49.31486146095718	48.30226700251889	43.20906801007557
398	98.61809045226131	45.44472361809045	52.57537688442211	41.78391959798995
399	125.26817042606517	48.82706766917293	50.152882205513784	65.12531328320802
400	231.335	56.8675	85.635	48.07
401	104.43890274314215	44.28678304239401	48.917705735660846	45.082294264339154
402	98.31094527363184	47.791044776119406	42.82338308457712	44.472636815920396
403	102.10173697270471	47.511166253101734	40.57071960297767	49.00496277915633
404	93.57920792079207	42.31188118811881	45.366336633663366	43.0990099009901
405	83.8641975308642	45.861728395061725	42.80740740740741	42.967901234567904
406	84.78817733990148	42.152709359605915	68.71428571428571	42.293103448275865
407	77.72972972972973	39.91400491400491	39.65601965601966	41.614250614250615
408	80.0220588235294	41.497549019607845	40.72549019607843	39.85539215686274
409	77.68215158924205	42.92665036674816	39.40831295843521	41.3838630806846
410	104.34634146341463	4509.563414634146	307.5536585365854	51.90975609756097
411	70.04136253041362	41.67396593673966	41.6374695863747	42.64963503649635
412	105.8883495145631	49.21601941747573	51.536407766990294	47.182038834951456
413	106.409200968523	388.17433414043586	54.51089588377724	44.06053268765133
414	91.33333333333333	48.97342995169082	44.09903381642512	47.01932367149758
415	223.5855421686747	58.89156626506024	67.59277108433734	44.99759036144578
416	99.78125	69.01442307692308	52.19711538461539	45.06730769230769
417	86.9568345323741	45.55635491606714	43.10791366906475	46.724220623501196
418	79.34210526315789	43.64832535885167	47.10526315789474	47.366028708133975
419	126.27923627684964	45.7708830548926	51.50596658711217	66.9618138424821
420	81.38095238095238	41.833333333333336	40.24761904761905	41.72142857142857
421	88.93824228028504	38.973871733966746	49.36104513064133	43.812351543942995
422	99.0260663507109	45.758293838862556	44.09241706161137	42.04976303317535
423	101.34278959810875	44.6193853427896	43.508274231678485	47.966903073286055
424	105.99056603773585	46.1061320754717	48.780660377358494	44.839622641509436
425	86.34823529411764	40.03529411764706	44.76470588235294	41.46823529411765
426	110.46009389671362	37.19953051643193	48.56103286384977	38.521126760563384
427	93.40046838407494	41.53395784543326	46.585480093676814	43.36065573770492
428	80.79439252336448	43.728971962616825	46.64252336448598	45.07710280373832
429	107.56410256410257	71.01398601398601	45.137529137529135	44.86713286713287
430	79.63953488372093	39.54883720930233	44.604651162790695	42.74883720930232
431	113.2784222737819	39.36658932714617	47.907192575406036	37.696055684454755
432	99.4074074074074	43.280092592592595	63.96527777777778	41.75231481481482
433	74.40877598152424	43.1662817551963	41.06235565819861	46.51039260969977
434	108.02995391705069	47.013824884792626	41.564516129032256	45.785714285714285
435	90.14252873563218	47.298850574712645	41.5816091954023	64.60229885057471
436	107.0137614678899	43.13990825688074	49.93348623853211	42.62385321100918
437	102.48054919908466	45.663615560640736	42.62700228832952	46.23798627002288
438	93.93607305936074	41.114155251141554	48.970319634703195	42.79680365296804
439	91.17312072892939	44.75626423690205	45.8246013667426	41.097949886104786
440	83.87272727272727	42.138636363636365	42.80227272727273	47.98863636363637
441	105.03174603174604	43.05668934240363	51.34467120181406	46.01133786848072
442	89.67873303167421	41.70135746606335	48.626696832579185	48.44796380090498
443	80.69751693002257	43.15349887133183	45.261851015801355	46.1196388261851
444	82.52702702702703	43.340090090090094	43.96621621621622	43.486486486486484
445	79.63146067415731	38.274157303370785	42.83370786516854	44.55280898876404
446	92.14125560538116	44.30269058295964	41.70627802690583	44.02242152466368
447	81.70917225950782	43.58612975391499	41.83892617449664	48.935123042505595
448	95.88392857142857	44.125	49.24107142857143	46.25669642857143
449	75.06458797327394	43.70601336302895	40.25389755011136	47.48552338530067
450	107.25555555555556	37.63111111111111	48.52444444444444	39.397777777777776
451	89.09312638580931	46.388026607538805	48.99556541019955	46.50110864745011
452	137.47566371681415	49.623893805309734	45.8783185840708	42.926991150442475
453	191.23620309050773	57.019867549668874	46.71743929359823	385.79028697571744
454	131.2511013215859	45.38986784140969	47.0	41.30616740088106
455	119.83956043956044	47.55164835164835	56.28791208791209	47.16263736263736
456	239.65350877192984	64.0219298245614	319.41008771929825	50.125
457	96.32603938730854	43.284463894967175	47.590809628008756	44.4835886214442
458	100.4410480349345	45.97816593886463	39.86244541484716	46.198689956331876
459	82.85185185185185	39.99128540305011	39.910675381263616	42.553376906318086
460	109.2804347826087	43.09782608695652	39.94347826086957	43.60434782608696
461	141.0997830802603	50.08676789587852	43.418655097613886	47.45770065075922
462	68.20779220779221	43.15584415584416	41.32251082251082	47.23809523809524
463	58.69546436285097	43.06911447084233	40.552915766738664	47.5097192224622
464	115.84482758620689	52.73706896551724	47.72629310344828	46.57327586206897
465	105.01290322580645	48.29247311827957	56.29247311827957	43.05591397849462
466	322.6309012875536	384.5343347639485	315.1351931330472	59.48068669527897
467	199.51605995717344	56.11563169164882	51.24625267665953	47.19271948608137
468	122.22863247863248	47.26709401709402	49.27350427350427	42.416666666666664
469	125.40938166311301	43.223880597014926	52.76759061833689	45.26226012793177
470	78.82978723404256	42.248936170212765	40.136170212765954	43.219148936170214
471	69.71125265392782	43.6687898089172	39.36942675159236	47.56475583864119
472	671.3262711864406	50.74576271186441	50.59957627118644	49.529661016949156
473	163.8181818181818	422.03171247357295	129.1818181818182	52.09936575052854
474	201.75738396624473	57.99367088607595	62.06962025316456	84.15822784810126
475	143.5284210526316	49.665263157894735	52.61684210526316	47.03578947368421
476	132.6344537815126	54.34033613445378	53.32142857142857	50.29201680672269
477	114.9077568134172	51.056603773584904	66.895178197065	47.507337526205454
478	109.38493723849372	43.11506276150627	48.54602510460251	44.07322175732217
479	84.09185803757829	38.69519832985386	40.19624217118998	44.50939457202505
480	881.5979166666667	78.55	93.975	50.88333333333333
481	204.92515592515593	56.15800415800416	2363.7338877338875	69.76715176715177
482	174.8921161825726	60.09958506224066	55.06846473029046	49.927385892116185
483	101.07246376811594	44.834368530020704	44.84472049689441	46.7639751552795
484	82.4297520661157	43.22314049586777	44.45867768595041	46.59710743801653
485	108.05773195876289	128.940206185567	58.17938144329897	50.44948453608247
486	3167.8909465020574	60.016460905349795	57.52057613168724	51.86213991769547
487	190.49281314168377	51.950718685831625	59.92402464065709	51.85831622176591
488	91.60245901639344	43.364754098360656	51.81352459016394	49.45696721311475
489	104.23108384458078	47.789366053169736	47.445807770961146	50.239263803680984
490	137.29387755102042	49.789795918367346	47.6265306122449	51.21836734693878
491	114.08350305498982	52.4989816700611	48.64765784114053	64.33401221995926
492	141.1382113821138	51.390243902439025	44.88414634146341	47.58536585365854
493	129.82758620689654	52.81541582150101	50.588235294117645	51.99188640973631
494	88.53238866396761	83.28947368421052	42.68218623481781	45.558704453441294
495	99.73535353535354	50.214141414141416	47.69090909090909	49.97979797979798
496	92.51814516129032	47.792338709677416	45.44153225806452	53.252016129032256
497	131.24144869215291	49.8672032193159	44.030181086519114	49.18913480885312
498	117.570281124498	48.84738955823293	46.25903614457831	53.06024096385542
499	98.72144288577154	42.08216432865731	51.09619238476954	49.68937875751503
500	93.476	48.58	48.162	51.826
501	105.60479041916167	48.05189620758483	43.572854291417165	42.56287425149701
502	71.50796812749005	42.25298804780876	40.896414342629484	62.7609561752988
503	77.40357852882704	43.42743538767396	41.9662027833002	48.07753479125248
504	86.73412698412699	50.11507936507937	45.20238095238095	49.59722222222222
505	122.24554455445545	68.15841584158416	48.504950495049506	46.55049504950495
506	102.70355731225297	47.594861660079054	42.944664031620555	50.966403162055336
507	107.16568047337279	54.40236686390533	47.77120315581854	48.031558185404336
508	122.77952755905511	49.173228346456696	46.31692913385827	44.65748031496063
509	79.70726915520629	50.015717092337916	42.67190569744597	50.80943025540275
510	100.6	50.28235294117647	45.36862745098039	66.2764705882353
511	85.13111545988258	46.55772994129158	45.88454011741683	48.33268101761252
512	284.22265625	48.708984375	49.974609375	45.337890625
513	102.37037037037037	69.89278752436647	45.085769980506825	47.7037037037037
514	96.63618677042801	44.90856031128405	49.24513618677043	44.297665369649806
515	96.83689320388349	47.231067961165046	46.332038834951454	50.14368932038835
516	86.97286821705427	46.28488372093023	63.68604651162791	42.11046511627907
517	108.70793036750483	50.54545454545455	48.657640232108314	49.680851063829785
518	92.33976833976834	43.34749034749035	44.359073359073356	68.89382239382239
519	76.95375722543352	45.36608863198459	43.947976878612714	48.50289017341041
520	64.62884615384615	44.309615384615384	44.75192307692308	47.41538461538462
521	112.8080614203455	75.65642994241843	52.076775431861805	51.882917466410746
522	95.06896551724138	46.32950191570881	46.61494252873563	70.82183908045977
523	86.35564053537284	43.200764818355644	48.2848948374761	47.491395793499045
524	8570.612595419847	76.66984732824427	60.38358778625954	48.534351145038165
525	247.21142857142857	56.906666666666666	60.24761904761905	52.499047619047616
526	171.83079847908746	55.68441064638783	79.70152091254752	48.79847908745247
527	137.9146110056926	48.06261859582543	53.03795066413662	45.84250474383302
528	54.91477272727273	31.882575757575758	29.484848484848484	36.553030303030305
529	98.03213610586012	47.73345935727788	44.74102079395085	48.90359168241966
530	100.39056603773585	47.26981132075472	46.905660377358494	49.35283018867924
531	131.35969868173257	47.293785310734464	48.90583804143126	65.6572504708098
532	98.83646616541354	49.52067669172932	44.590225563909776	46.40413533834587
533	87.21575984990619	48.33958724202627	42.88555347091933	52.00750469043152
534	119.75468164794007	42.08801498127341	28.823970037453183	36.36516853932584
535	82.17196261682243	43.67663551401869	44.81308411214953	49.38317757009346
536	94.04850746268657	49.61940298507463	47.759328358208954	72.2089552238806
537	131.46554934823092	49.42085661080075	48.23463687150838	50.01117318435754
538	132.0557620817844	51.99442379182156	46.182156133829	53.237918215613384
539	145.3877551020408	70.31168831168831	51.98701298701299	51.734693877551024
540	122.45555555555555	50.96296296296296	43.35925925925926	45.77962962962963
541	290.0369685767098	69.34750462107209	67.69685767097967	50.036968576709796
542	141.21033210332104	47.83948339483395	51.64391143911439	49.952029520295206
543	120.74953959484347	42.51012891344383	43.744014732965006	44.86924493554328
544	124.41727941176471	65.86213235294117	49.99080882352941	45.1452205882353
545	108.2348623853211	51.05137614678899	45.94862385321101	55.24587155963303
546	123.58058608058609	495.8699633699634	64.07692307692308	51.93589743589744
547	630.0018281535649	52.773308957952466	52.58318098720292	52.0036563071298
548	137.87773722627736	46.57664233576642	47.81751824817518	48.22445255474452
549	198.99817850637524	643.8324225865209	129.4808743169399	52.622950819672134
550	134.84727272727272	49.765454545454546	55.558181818181815	50.68
551	103.5989110707804	49.01270417422867	44.422867513611614	47.98366606170599
552	103.85144927536231	43.15760869565217	48.81340579710145	50.30615942028985
553	139.8227848101266	51.162748643761304	48.32911392405063	51.18264014466546
554	79.31407942238268	57.79061371841155	39.24007220216607	47.462093862815884
555	84.52252252252252	46.83063063063063	40.84324324324324	49.0990990990991
556	113.42625899280576	50.96762589928058	42.22122302158273	67.7158273381295
557	123.89766606822262	52.642728904847395	49.16337522441652	52.398563734290846
558	128.05376344086022	51.494623655913976	45.55913978494624	56.02150537634409
559	104.89087656529517	51.516994633273704	45.65652951699463	54.98211091234347
560	129.7357142857143	17621.54642857143	126.93214285714286	60.09285714285714
561	105.34046345811052	49.9554367201426	48.97147950089126	64.40819964349376
562	132.34341637010675	51.78291814946619	48.795373665480426	48.313167259786475
563	125.04085257548846	51.0639431616341	54.348134991119004	52.96625222024867
564	108.74468085106383	51.251773049645394	43.59219858156028	52.258865248226954
565	101.30442477876106	49.99646017699115	42.45663716814159	51.84070796460177
566	77.03886925795052	47.59540636042403	60.314487632508836	52.53886925795053
567	101.25749559082892	46.12698412698413	41.95238095238095	50.051146384479715
568	86.8855633802817	45.686619718309856	40.73943661971831	48.20422535211268
569	102.61511423550088	47.83304042179262	41.840070298769774	46.114235500878735
570	69.6421052631579	41.14035087719298	39.1	59.766666666666666
571	86.25744308231174	69.40105078809107	47.44133099824869	56.175131348511385
572	84.2027972027972	48.11363636363637	43.51048951048951	57.48776223776224
573	94.97207678883072	48.15183246073298	42.66317626527051	74.24432809773124
574	84.88501742160278	46.87108013937282	42.63937282229965	55.62020905923345
575	89.12521739130435	47.888695652173915	43.63478260869565	56.67304347826087
576	95.06076388888889	48.947916666666664	63.55381944444444	55.11805555555556
577	84.58752166377816	46.84402079722704	42.901213171577126	55.41941074523397
578	97.32006920415225	66.72837370242215	49.28892733564014	54.8719723183391
579	101.65284974093264	48.75647668393783	43.189982728842836	55.122625215889464
580	118.61896551724138	54.45	51.751724137931035	66.42068965517241
581	115.18932874354562	43.406196213425126	47.399311531841654	50.79173838209983
582	155.21821305841925	52.98969072164948	49.34879725085911	58.80584192439863
583	573.1252144082333	63.00857632933105	93.704974271012	57.39279588336192
584	105.60616438356165	50.17123287671233	52.17465753424658	58.125
585	132.12649572649573	42.57948717948718	58.46153846153846	54.67008547008547
586	19456.160409556313	72.04607508532423	64.69965870307168	53.382252559726965
587	118.3901192504259	54.923339011925044	47.206132879045995	71.06303236797274
588	161.54421768707482	56.66326530612245	54.72789115646258	58.62925170068027
589	118.11714770797963	32.740237691001695	32.02546689303905	52.97623089983022
590	160.9186440677966	53.038983050847456	49.57118644067797	53.5271186440678
591	111.92724196277496	50.73434856175973	45.38917089678511	50.475465313028764
592	125.70101351351352	67.97297297297297	47.33445945945946	1429.3682432432433
593	194.15514333895447	59.47554806070826	54.12141652613828	59.68802698145025
594	110.77946127946127	47.112794612794616	40.331649831649834	67.22390572390573
595	215.23361344537815	42.97142857142857	41.312605042016806	57.35798319327731
596	141.13926174496643	53.84563758389262	46.03691275167785	56.19463087248322
597	124.75209380234506	53.85929648241206	48.688442211055275	73.05192629815745
598	133.97826086956522	59.62709030100334	48.352842809364546	53.83277591973244
599	186.13021702838063	76.37061769616027	56.186978297161936	54.85809682804675
600	124.135	51.57333333333333	50.30833333333333	51.62833333333333
601	126.25124792013311	51.17304492512479	66.0865224625624	52.89850249584027
602	118.25249169435216	53.56976744186046	50.58637873754153	60.04485049833887
603	55.62189054726368	33.681592039801	29.751243781094526	43.49751243781095
604	91.1158940397351	50.985099337748345	44.40728476821192	59.549668874172184
605	108.04793388429752	49.51735537190083	95.15867768595041	51.40826446280992
606	44.69141914191419	29.879537953795378	28.36963696369637	42.59075907590759
607	68.15980230642504	29.324546952224054	29.01812191103789	41.935749588138385
608	39.88651315789474	39.30921052631579	28.689144736842106	2725.7417763157896
609	122.00164203612479	50.0311986863711	48.86699507389162	57.73891625615764
610	204.45081967213116	55.96393442622951	728.3426229508196	66.43606557377049
611	82.88543371522096	36.62684124386252	32.39770867430442	44.728314238952535
612	127.34313725490196	51.89705882352941	51.071895424836605	53.18300653594771
613	130.72920065252856	55.47797716150082	47.63132137030995	52.784665579119086
614	158.67915309446255	57.74918566775244	48.56351791530945	62.29641693811075
615	524.3024390243902	98.98048780487805	83.40325203252033	56.8390243902439
616	114.1948051948052	51.65584415584416	49.074675324675326	55.267857142857146
617	107.57374392220422	48.77471636952998	52.9773095623987	60.02593192868719
618	372.30582524271847	61.799352750809064	53.86407766990291	59.420711974110034
619	158.39256865912762	51.73021001615509	79.41195476575122	95.4410339256866
620	89.63548387096775	48.12903225806452	43.20645161290322	58.48870967741936
621	94.61996779388083	50.51207729468599	45.69565217391305	73.73590982286635
622	108.80225080385853	53.60610932475884	46.80868167202572	62.47749196141479
623	97.78330658105939	51.2792937399679	44.690208667736755	56.1107544141252
624	94.1298076923077	49.70352564102564	50.54326923076923	57.27724358974359
625	105.4528	49.5072	47.5472	52.0944
626	126.10223642172524	49.13418530351438	52.90095846645367	56.4888178913738
627	112.31738437001594	56.537480063795854	46.90590111642743	62.41945773524721
628	159.79936305732485	52.47770700636943	51.353503184713375	59.30891719745223
629	111.15898251192368	53.546899841017485	47.65659777424483	61.69952305246423
630	195.18412698412698	226.41746031746032	57.112698412698414	61.50476190476191
631	93.37717908082409	53.62599049128368	47.66244057052298	60.01901743264659
632	141.27056962025316	57.59018987341772	66.86708860759494	57.12816455696203
633	148.9083728278041	55.358609794628755	47.80726698262243	57.99052132701422
634	369.698738170347	56.06782334384858	54.49053627760252	71.93533123028391
635	92.42992125984252	213.99055118110238	70.04251968503937	60.439370078740154
636	90.57389937106919	52.168238993710695	265.4811320754717	61.672955974842765
637	215.07692307692307	57.71742543171115	49.26844583987441	58.051805337519625
638	114.1332288401254	51.211598746081506	44.71316614420063	59.341692789968654
639	209.42097026604068	54.76369327073552	358.51173708920186	65.51173708920187
640	115.8515625	52.28125	47.415625	57.4515625
641	142.57566302652106	51.238689547581906	52.730109204368176	54.973478939157566
642	135.1557632398754	50.54361370716511	50.33956386292835	55.46417445482866
643	418.53188180404356	119.69984447900467	59.09175738724728	2050.737169517885
644	100.17701863354037	54.97049689440994	46.26863354037267	60.475155279503106
645	85.81550387596899	65.86511627906977	46.032558139534885	61.17209302325581
646	97.56656346749226	52.309597523219814	45.22755417956656	63.137770897832816
647	126.55023183925812	3015.7001545595053	115.35085007727976	62.62596599690881
648	94.28858024691358	51.361111111111114	48.21296296296296	59.550925925925924
649	380.0523882896764	63.88135593220339	62.884437596302	62.38520801232666
650	97.69384615384615	54.89846153846154	46.06307692307692	55.17076923076923
651	146.5115207373272	56.98003072196621	51.46850998463902	77.59447004608295
652	92.15490797546012	248.6319018404908	54.602760736196316	62.46165644171779
653	125.12863705972435	47.03369065849923	47.01684532924962	67.07503828483921
654	94.07339449541284	52.51987767584098	44.41743119266055	60.27522935779817
655	100.44274809160305	51.48091603053435	45.2	61.21984732824428
656	120.78506097560975	52.68292682926829	48.90548780487805	58.5030487804878
657	147.81126331811262	51.12328767123287	50.884322678843226	94.7579908675799
658	178.79483282674772	57.72036474164134	56.358662613981764	61.68693009118541
659	181.35811836115326	54.41274658573597	48.825493171471926	49.45371775417299
660	130.41969696969696	53.70909090909091	56.8	58.834848484848486
661	112.40695915279879	58.38577912254161	48.71709531013616	60.2874432677761
662	266.19033232628396	82.33383685800604	54.79154078549849	59.90634441087613
663	110.66365007541478	51.203619909502265	44.84615384615385	60.790346907993964
664	186.1867469879518	54.25451807228916	45.81174698795181	53.06325301204819
665	122.22706766917294	48.86466165413534	47.43308270676692	52.783458646616545
666	184.53453453453454	57.41741741741742	57.831831831831835	63.1051051051051
667	245.61619190404798	76.62968515742129	66.18140929535232	69.59220389805097
668	119.42065868263474	51.4311377245509	44.619760479041915	59.76646706586826
669	116.02690582959642	53.39760837070254	46.393124065769804	66.73243647234679
670	93.02388059701492	53.755223880597015	49.364179104477614	63.222388059701494
671	127.0327868852459	55.295081967213115	49.889716840536515	60.68852459016394
672	115.14732142857143	265.0059523809524	58.70386904761905	58.86607142857143
673	91.49182763744427	53.75482912332838	45.022288261515605	58.48439821693908
674	234.61275964391692	96.58753709198812	68.15430267062314	64.41839762611276
675	139.85037037037037	56.82962962962963	52.29481481481481	53.736296296296295
676	196.07396449704143	109.36390532544378	79.6094674556213	86.75591715976331
677	131.29394387001477	51.85672082717873	52.450516986706056	60.246676514032494
678	129.07669616519175	65.71533923303835	47.528023598820056	57.72271386430678
679	131.31664212076583	48.552282768777616	50.33578792341679	54.013254786450666
680	141.4191176470588	68.26911764705882	50.22794117647059	56.080882352941174
681	106.55359765051395	37.81350954478708	32.581497797356825	47.10425844346549
682	63.86363636363637	43.90029325513196	31.183284457478006	46.2991202346041
683	117.71156661786237	51.07759882869693	44.25622254758419	51.88579795021962
684	137.86257309941521	66.9342105263158	47.16520467836257	55.473684210526315
685	133.64525547445257	56.38248175182482	52.58832116788321	60.964963503649635
686	152.3877551020408	67.99416909620992	53.03790087463557	60.33090379008746
687	144.80203784570597	57.493449781659386	49.84133915574964	59.8311499272198
688	75.78052325581395	101.19767441860465	49.56104651162791	58.41424418604651
689	56.939042089985485	35.16835994194485	30.661828737300436	46.82438316400581
690	109.08840579710144	63.61014492753623	48.981159420289856	64.2927536231884
691	197.5918958031838	64.94066570188133	101.4327062228654	60.91027496382055
692	71.94364161849711	48.22832369942196	30.955202312138727	47.77167630057804
693	131.2987012987013	51.7950937950938	50.900432900432904	56.694083694083695
694	149.1657060518732	71.32853025936599	52.10086455331412	62.06340057636888
695	122.76546762589928	54.66762589928057	49.674820143884894	59.89784172661871
696	166.10775862068965	58.400862068965516	61.21120689655172	180.0962643678161
697	147.01004304160688	59.35150645624103	56.715925394548066	62.00286944045911
698	164.09025787965615	56.08309455587393	49.35243553008596	77.05300859598854
699	96.12875536480686	35.82260371959943	29.812589413447782	46.97281831187411
700	141.51285714285714	56.425714285714285	52.488571428571426	63.99
701	109.2524964336662	66.31241084165478	51.66619115549216	58.236804564907274
702	149.2948717948718	54.29059829059829	53.91880341880342	58.94871794871795
703	139.95021337126602	52.39544807965861	54.74964438122333	61.904694167852064
704	95.43323863636364	52.82244318181818	46.13494318181818	58.43039772727273
705	115.0354609929078	57.65106382978723	51.35177304964539	62.97730496453901
706	108.41359773371104	49.62181303116147	45.70679886685552	61.141643059490086
707	59.95049504950495	34.21074964639321	29.86280056577086	47.06364922206507
708	57.36440677966102	34.11864406779661	31.899717514124294	47.152542372881356
709	111.35543018335684	52.344146685472495	53.05500705218618	66.70521861777151
710	124.82394366197182	58.06056338028169	51.6169014084507	62.90845070422535
711	128.31082981715892	58.742616033755276	50.44303797468354	156.24472573839662
712	194.36376404494382	60.86516853932584	50.9002808988764	66.91432584269663
713	118.90322580645162	54.589060308555396	49.65357643758766	166.90603085553997
714	170.2408963585434	303.4593837535014	126.49579831932773	62.46498599439776
715	68.91048951048951	36.20699300699301	25.93846153846154	47.50909090909091
716	74.18016759776536	33.391061452513966	26.47486033519553	48.364525139664806
717	61.32775453277545	33.17852161785216	24.471408647140866	47.691771269177124
718	316.3217270194986	37.25626740947075	28.83426183844011	48.81197771587744
719	65.89847009735745	35.221140472879	25.406119610570236	46.05006954102921
720	64.39027777777778	32.6625	27.6125	49.83888888888889
721	77.98196948682386	33.350901525658806	28.310679611650485	46.744798890429955
722	57.88227146814405	31.775623268698062	25.333795013850416	47.73684210526316
723	78.21300138312587	35.43153526970954	27.893499308437068	47.47579529737206
724	84.86049723756906	36.67955801104972	29.2707182320442	49.39779005524862
725	57.87172413793103	33.25103448275862	24.88551724137931	48.01931034482759
726	75.11019283746556	35.972451790633606	26.96418732782369	48.0
727	72.55295735900962	33.88720770288858	27.723521320495184	49.41127922971114
728	41.387362637362635	26.63736263736264	20.17032967032967	41.94230769230769
729	38.647462277091904	26.28395061728395	18.73113854595336	41.650205761316876
730	74.2068493150685	36.74794520547945	26.4013698630137	49.176712328767124
731	83.12311901504788	33.99316005471956	27.38030095759234	47.86046511627907
732	74.79918032786885	34.049180327868854	25.93169398907104	46.39344262295082
733	62.844474761255114	33.605729877216916	24.705320600272852	49.53342428376535
734	81.34196185286103	36.5408719346049	26.884196185286104	49.64986376021798
735	78.36054421768708	34.36734693877551	30.205442176870747	51.42448979591837
736	79.08967391304348	36.224184782608695	28.14538043478261	49.91711956521739
737	117.32835820895522	35.6078697421981	29.146540027137043	46.4966078697422
738	139.03387533875338	86.0	30.226287262872628	50.233062330623305
739	156.46549391069013	39.935047361299056	34.56562922868741	50.834912043301756
740	76.08783783783784	33.23108108108108	25.84864864864865	48.92972972972973
741	108.65452091767881	35.388663967611336	26.975708502024293	47.770580296896085
742	94.08760107816711	38.421832884097036	27.17654986522911	47.83288409703504
743	174.83983849259758	44.09421265141319	31.952893674293406	48.01480484522207
744	150.65322580645162	41.73521505376344	53.32258064516129	50.71236559139785
745	76.64295302013423	35.47651006711409	27.056375838926176	50.459060402684564
746	71.63941018766756	36.72386058981233	28.487935656836463	51.63538873994638
747	39.36412315930388	25.72289156626506	20.677376171352076	42.69210174029451
748	105.475935828877	38.38502673796791	27.919786096256683	48.74465240641711
749	49.27770360480641	26.854472630173564	20.085447263017357	42.90654205607477
750	362.77733333333333	57.090666666666664	35.61066666666667	46.102666666666664
751	43.940079893475364	25.59121171770972	19.647137150466044	42.56058588548602
752	76.26462765957447	37.172872340425535	29.82845744680851	49.43882978723404
753	81.48738379814077	37.82602921646746	30.233731739707835	52.06241699867198
754	181.13262599469496	39.350132625994696	30.279840848806366	51.278514588859416
755	95.73907284768212	38.83841059602649	32.34039735099338	53.982781456953646
756	41.08465608465608	25.306878306878307	19.89814814814815	42.97222222222222
757	63.93923381770146	34.85336856010568	26.505944517833555	50.935270805812415
758	72.47493403693932	26.510554089709764	20.75065963060686	43.58179419525066
759	88.67325428194994	36.594202898550726	26.702239789196312	52.36890645586298
760	35.80394736842105	25.8	19.748684210526317	43.540789473684214
761	55.45335085413929	26.416557161629434	20.458607095926414	44.36136662286465
762	70.33858267716535	35.43569553805774	28.594488188976378	47.0997375328084
763	73.91218872870249	35.53342070773263	29.82699868938401	263.6461336828309
764	386.401832460733	41.56413612565445	29.837696335078533	51.839005235602095
765	98.6078431372549	29.46535947712418	22.464052287581698	46.12679738562092
766	75.31462140992167	33.36161879895561	30.390339425587467	50.75456919060052
767	85.02998696219035	38.259452411994786	28.34550195567145	51.577574967405475
768	111.0546875	38.423177083333336	30.263020833333332	51.14453125
769	74.27828348504552	36.99739921976593	30.70481144343303	53.596879063719115
770	120.48961038961039	41.20649350649351	33.71168831168831	55.02077922077922
771	76.67444876783398	36.55642023346304	30.64980544747082	53.59143968871595
772	46.9119170984456	26.848445595854923	20.64378238341969	44.83549222797927
773	32.54463130659767	25.329883570504528	19.02587322121604	45.11642949547219
774	77.38888888888889	36.79457364341085	28.496124031007753	54.2609819121447
775	34.112258064516126	25.94322580645161	23.876129032258063	48.803870967741936
776	67.87886597938144	27.641752577319586	23.50515463917526	45.675257731958766
777	43.41698841698842	26.907335907335906	20.833976833976834	45.48005148005148
778	42.095115681233935	27.30719794344473	19.51413881748072	45.72879177377892
779	44.66367137355584	27.252888318356867	20.983311938382542	45.39666238767651
780	32.77820512820513	25.6974358974359	18.807692307692307	45.63333333333333
781	35.54545454545455	25.587708066581307	19.299615877080665	45.67989756722151
782	76.41048593350384	36.13427109974425	30.82992327365729	53.505115089514064
783	120.45338441890166	39.09067688378033	27.837803320561942	52.32183908045977
784	84.09566326530613	36.8125	27.125	54.474489795918366
785	43.99235668789809	26.315923566878983	20.898089171974522	46.18471337579618
786	36.67175572519084	26.143765903307887	19.24681933842239	46.37531806615776
787	33.56543837357052	25.893265565438373	18.706480304955527	45.83862770012706
788	30.07233502538071	26.026649746192895	18.54187817258883	46.46700507614213
789	29.812420785804814	25.671736375158428	18.40937896070976	46.448669201520914
790	32.4	26.10632911392405	18.27341772151899	46.778481012658226
791	33.47914032869785	26.329962073324904	19.486725663716815	46.70037926675095
792	30.968434343434343	26.26010101010101	18.751262626262626	47.20328282828283
793	30.37200504413619	26.325346784363177	18.23076923076923	47.58890290037831
794	34.940806045340054	26.37405541561713	20.7455919395466	47.28337531486146
795	65.93962264150943	36.54591194968553	28.169811320754718	117.29182389937107
796	45.321608040201006	28.650753768844222	20.34045226130653	47.73743718592965
797	30.134253450439147	26.66499372647428	19.614805520702635	47.38268506900878
798	29.37719298245614	27.261904761904763	18.838345864661655	47.93734335839599
799	48.23904881101377	33.44180225281602	27.425531914893618	52.34543178973717
800	32.74875	26.5675	19.8325	47.43
801	38.70786516853933	32.78277153558052	24.046192259675404	52.77153558052434
802	28.98004987531172	25.892768079800497	18.163341645885286	47.29675810473815
803	31.7173100871731	26.575342465753426	20.45205479452055	47.51183063511831
804	56.12189054726368	37.37313432835821	26.503731343283583	55.157960199004975
805	58.09316770186335	38.20124223602485	26.14782608695652	57.91304347826087
806	52.392059553349874	35.69478908188586	27.109181141439205	56.99875930521092
807	57.935563816604706	36.25526641883519	27.28252788104089	57.493184634448575
808	53.38985148514851	35.59034653465346	24.587871287128714	57.05074257425743
809	64.04202719406675	37.11866501854141	25.145859085290482	60.84548825710754
810	34.46913580246913	27.230864197530863	18.72962962962963	51.61851851851852
811	33.9173859432799	28.25030826140567	19.430332922318126	51.61898890258939
812	34.83497536945813	28.001231527093594	18.8435960591133	52.289408866995075
813	33.002460024600246	26.391143911439116	18.562115621156213	52.75522755227552
814	33.19410319410319	28.267813267813267	19.264127764127764	53.056511056511056
815	38.514110429447854	27.795092024539876	19.03312883435583	52.916564417177916
816	33.661764705882355	26.75980392156863	19.181372549019606	52.65931372549019
817	37.34394124847001	26.88984088127295	20.020807833537333	53.012239902080786
818	68.98899755501222	36.61124694376528	27.76161369193154	64.39731051344744
819	64.19658119658119	37.1965811965812	28.825396825396826	63.64835164835165
820	64.57073170731708	36.114634146341466	29.347560975609756	63.74390243902439
821	56.505481120584655	36.56029232643118	27.20584652862363	64.8721071863581
822	33.083941605839414	27.2323600973236	20.905109489051096	53.38321167883212
823	31.072904009720535	27.484811664641555	19.773997569866342	53.70109356014581
824	30.655339805825243	27.30218446601942	19.04733009708738	54.49271844660194
825	33.231515151515154	27.05212121212121	18.580606060606062	54.46666666666667
826	32.412832929782084	27.347457627118644	18.871670702179177	54.79903147699758
827	32.05078597339782	27.590084643288996	19.087061668681983	54.78476420798065
828	32.72342995169082	27.198067632850243	19.094202898550726	54.861111111111114
829	34.31363088057901	27.407720144752712	19.47285886610374	55.44511459589867
830	36.998795180722894	28.06024096385542	19.808433734939758	55.77349397590361
831	40.42117930204573	27.802647412755714	19.43080625752106	55.81949458483754
832	41.03365384615385	28.036057692307693	20.830528846153847	55.96153846153846
833	39.36974789915966	27.649459783913567	21.349339735894358	55.97478991596638
834	32.03237410071942	27.61390887290168	20.311750599520384	56.28896882494005
835	32.66467065868263	27.102994011976048	21.01077844311377	132.8443113772455
836	32.94138755980861	27.757177033492823	21.748803827751196	55.83612440191388
837	35.95818399044205	29.07168458781362	21.31899641577061	55.69892473118279
838	33.08949880668258	27.766109785202865	20.048926014319807	55.99403341288783
839	30.921334922526817	27.943980929678187	19.778307508939214	55.88438617401669
840	68.83928571428571	35.57380952380952	27.40595238095238	66.10952380952381
841	131.99762187871582	35.87990487514863	21.90963139120095	56.648038049940546
842	32.705463182897866	27.8812351543943	20.121140142517813	56.6353919239905
843	79.24555160142349	39.51720047449585	28.977461447212338	64.97983392645314
844	83.62796208530806	44.796208530805686	35.47156398104266	75.11729857819905
845	121.12307692307692	43.89585798816568	30.581065088757395	68.39526627218935
846	125.31560283687944	41.184397163120565	30.12293144208038	61.171394799054376
847	243.89256198347107	51.86304604486423	32.86776859504132	178.0720188902007
848	55.824292452830186	29.504716981132077	22.06367924528302	58.744103773584904
849	36.590106007067135	29.06595995288575	21.91166077738516	57.685512367491164
850	76.65176470588236	40.80117647058824	28.314117647058822	70.13882352941177
851	300.9529964747356	45.34430082256169	31.08108108108108	69.34900117508813
852	81.2030516431925	40.40492957746479	32.06455399061033	62.50352112676056
853	86.12075029308323	40.359906213364596	28.83939038686987	67.75967174677608
854	116.53161592505855	44.79976580796253	30.343091334894613	83.19906323185012
855	76.78245614035087	40.57309941520468	30.080701754385966	67.36023391812866
856	92.14018691588785	40.21378504672897	30.65771028037383	67.5303738317757
857	72.63593932322054	38.30455075845974	28.436406067677947	69.8389731621937
858	60.06993006993007	38.12354312354312	27.616550116550115	71.55944055944056
859	91.19091967403958	42.165308498253786	32.977881257275904	70.62980209545984
860	78.44767441860465	56.62906976744186	32.717441860465115	67.75232558139535
861	84.88850174216027	39.59001161440186	32.26829268292683	75.98257839721255
862	82.46403712296984	38.662412993039446	31.81090487238979	70.02900232018561
863	114.98725376593279	46.85283893395133	31.246813441483198	77.47045191193511
864	99.27777777777777	40.511574074074076	29.552083333333332	68.83680555555556
865	73.70289017341041	40.891329479768785	30.11329479768786	71.23236994219653
866	74.31870669745959	1997.0473441108545	79.06004618937645	81.06812933025404
867	75.13148788927336	43.27450980392157	30.58246828143022	70.46597462514417
868	99.92165898617512	41.81221198156682	31.26152073732719	70.97004608294931
869	66.65707710011507	37.546605293440734	28.655926352128883	65.7940161104718
870	99.09655172413792	45.38275862068966	33.52413793103448	68.02068965517242
871	51.32261768082664	30.308840413318027	22.83352468427095	59.20780711825488
872	51.3348623853211	30.60665137614679	22.360091743119266	59.705275229357795
873	112.15005727376861	34.43871706758305	24.059564719358534	63.2680412371134
874	33.50228832951945	30.036613272311214	27.223112128146454	66.27116704805492
875	37.072	29.56	20.774857142857144	59.46628571428572
876	35.0365296803653	29.886986301369863	20.60730593607306	59.40981735159817
877	40.40022805017104	30.47320410490308	21.47776510832383	60.19840364880274
878	135.00569476082003	40.287015945330296	30.126423690205012	66.0125284738041
879	93.57337883959045	34.07849829351536	26.814562002275313	64.6188850967008
880	99.49772727272727	31.581818181818182	24.95	60.632954545454545
881	47.19409761634506	32.43700340522134	22.37343927355278	62.16231555051078
882	37.14512471655329	29.339002267573697	21.34580498866213	63.67687074829932
883	46.49490373725934	34.43827859569649	21.219705549263875	60.22876557191393
884	37.33031674208145	30.28846153846154	20.440045248868778	60.32918552036199
885	134.7084745762712	46.710734463276836	31.703954802259886	121.64180790960452
886	36.37584650112867	30.261851015801355	21.697516930022573	61.33295711060948
887	66.5783540022548	31.87598647125141	21.652762119503947	61.898534385569334
888	51.35022522522522	32.858108108108105	22.61599099099099	63.54391891891892
889	62.138357705286836	32.19797525309336	21.947131608548933	67.8177727784027
890	45.1314606741573	30.8876404494382	23.043820224719102	62.19775280898877
891	32.77104377104377	30.188552188552187	19.941638608305276	61.63636363636363
892	33.09304932735426	30.01457399103139	20.131165919282513	62.07062780269058
893	36.867861142217244	30.414333706606943	21.57894736842105	61.983202687569985
894	124.80425055928411	42.56711409395973	31.337807606263983	75.55369127516778
895	36.17653631284916	30.8268156424581	21.76312849162011	64.48603351955308
896	35.20982142857143	29.650669642857142	20.9296875	63.637276785714285
897	31.022296544035676	30.040133779264213	20.45819397993311	63.78483835005574
898	31.52672605790646	29.65924276169265	20.00334075723831	127.67037861915368
899	36.30367074527253	31.048943270300335	22.153503893214683	64.04671857619577
900	37.77444444444444	30.505555555555556	22.554444444444446	64.04888888888888
901	38.29855715871254	30.81908990011099	24.177580466148722	65.01886792452831
902	33.34478935698448	89.70731707317073	28.736141906873613	68.18957871396896
903	33.905869324473976	30.70985603543743	20.817275747508305	81.41749723145072
904	35.76106194690266	30.023230088495577	20.94358407079646	64.96238938053098
905	65.4939226519337	41.975690607734805	30.441988950276244	80.65524861878453
906	35.182119205298015	30.758278145695364	21.98233995584989	66.62141280353201
907	130.832414553473	41.885336273428884	30.654906284454245	73.49062844542448
908	39.180616740088105	30.729074889867842	21.38876651982379	66.50660792951543
909	31.096809680968097	53.463146314631466	93.25632563256326	67.997799779978
910	33.32197802197802	30.42197802197802	21.434065934065934	66.74395604395605
911	31.672886937431393	30.800219538968168	20.233809001097693	67.21844127332602
912	31.80372807017544	31.073464912280702	20.30921052631579	67.20833333333333
913	34.16100766703176	30.62431544359255	20.639649507119387	67.52026286966046
914	31.50218818380744	30.58643326039387	20.53063457330416	67.67177242888403
915	31.402185792349727	30.6448087431694	19.565027322404372	67.44043715846995
916	32.8264192139738	30.862445414847162	19.79366812227074	67.83187772925764
917	33.55943293347873	30.138495092693567	20.198473282442748	68.08396946564885
918	31.663398692810457	31.139433551198255	19.864923747276688	71.7930283224401
919	39.47986942328618	32.313384113166485	21.763873775843308	142.55930359085963
920	37.291304347826085	32.14565217391304	21.77282608695652	72.92826086956522
921	31.04125950054289	31.1900108577633	20.42888165038002	72.86319218241043
922	32.83405639913232	31.477223427331886	19.536876355748372	72.69197396963123
923	32.43228602383532	30.199349945828818	19.509209100758397	72.64788732394366
924	32.58116883116883	31.341991341991342	19.673160173160174	73.52164502164503
925	32.495135135135136	31.64	20.144864864864864	73.39891891891892
926	29.758099352051836	31.340172786177106	19.70086393088553	125.82181425485962
927	32.83710895361381	31.76483279395901	20.284789644012946	76.71197411003236
928	32.824353448275865	31.467672413793103	19.51185344827586	76.64116379310344
929	29.801937567276642	31.46286329386437	19.46501614639397	77.10548977395048
930	31.02795698924731	31.518279569892474	19.287096774193547	77.25913978494624
931	35.54027926960258	32.12889366272825	19.8968850698174	77.94736842105263
932	36.597639484978544	32.567596566523605	24.56223175965665	82.29935622317596
933	37.737406216505896	32.5005359056806	22.320471596998928	78.010718113612
934	54.147751605995715	36.32441113490364	21.971092077087793	78.19379014989293
935	42.708021390374334	33.27272727272727	21.141176470588235	78.59679144385026
936	38.27564102564103	32.73290598290598	21.316239316239315	78.1292735042735
937	35.029882604055494	32.521878335112056	21.52828175026681	78.10245464247599
938	34.73454157782516	40.74946695095949	24.884861407249467	79.5863539445629
939	31.615548455804046	31.915867944621937	19.616613418530353	79.49733759318424
940	30.779787234042555	31.81595744680851	19.786170212765956	79.4
941	106.35706695005314	33.730074388947926	19.77258235919235	79.51009564293305
942	35.57218683651805	32.646496815286625	19.866242038216562	80.09341825902335
943	33.66808059384942	32.70625662778367	20.093319194061507	80.25238600212089
944	66.62817796610169	43.85063559322034	30.909957627118644	95.08686440677967
945	85.05820105820106	40.735449735449734	87.12804232804233	94.67936507936508
946	178.007399577167	56.46828752642706	32.8446088794926	251.70824524312897
947	154.32840549102428	55.40760295670538	41.04223864836325	201.65681098204857
948	55.36708860759494	34.59388185654009	25.00210970464135	82.57067510548524
949	65.87460484720759	44.1622760800843	127.45521601685985	97.41833508956796
950	87.38105263157895	264.0042105263158	47.3821052631579	123.83263157894737
951	131.65194532071504	48.818086225026285	35.20504731861199	102.32807570977918
952	72.0798319327731	43.14495798319328	31.439075630252102	96.85084033613445
953	66.5099685204617	37.335781741867784	24.0398740818468	82.35676810073453
954	84.31970649895179	46.68448637316562	31.61635220125786	96.87106918238993
955	115.72565445026179	48.455497382198956	33.5434554973822	98.08900523560209
956	38.04916317991632	33.89225941422594	21.457112970711297	81.11297071129707
957	75.6614420062696	46.10344827586207	33.00626959247649	96.59247648902821
958	93.33820459290187	169.90501043841337	45.53027139874739	96.79123173277662
959	76.8873826903024	44.81230448383733	28.934306569343065	95.69655891553701
960	56.13125	35.45625	22.75625	80.825
961	33.22060353798127	33.745057232049945	20.51716961498439	81.11654526534859
962	34.35031185031185	33.144490644490645	20.854469854469855	80.997920997921
963	32.93146417445483	33.53478712357217	21.4797507788162	86.11838006230529
964	77.62136929460581	44.4844398340249	32.13278008298755	96.64107883817428
965	98.7139896373057	43.61865284974093	32.807253886010365	106.50155440414508
966	84.60455486542443	44.76604554865425	24.32505175983437	83.16666666666667
967	41.60703205791106	35.01758014477766	23.840744570837643	82.4622543950362
968	97.55785123966942	42.57231404958678	31.636363636363637	117.02272727272727
969	36.188854489164086	33.77399380804953	21.100103199174406	81.58513931888545
970	34.256701030927836	33.41855670103093	20.730927835051546	81.65360824742268
971	38.48609680741504	34.12564366632338	22.470648815653966	83.75695159629248
972	89.0977366255144	47.54320987654321	49.851851851851855	92.01028806584362
973	42.47482014388489	35.40904419321686	60.70092497430627	84.89619732785201
974	39.718685831622174	34.31416837782341	22.354209445585216	84.29774127310061
975	54.70564102564103	45.0348717948718	26.443076923076923	88.74974358974359
976	54.545081967213115	37.41700819672131	23.674180327868854	85.29610655737704
977	35.96417604912999	35.17297850562948	22.473899692937565	85.01944728761515
978	66.90899795501022	45.79652351738241	30.060327198364007	96.2239263803681
979	40.076608784473954	37.20326864147089	22.942798774259447	85.59448416751788
980	142.22040816326532	41.45816326530612	23.320408163265306	85.75408163265305
981	37.75127420998981	80.40672782874617	34.93679918450561	85.67686034658512
982	43.812627291242364	35.92769857433809	22.239307535641547	85.42668024439918
983	57.94608341810783	44.39979654120041	25.853509664292982	85.4679552390641
984	139.89939024390245	51.98170731707317	39.02947154471545	102.29674796747967
985	138.9522842639594	57.09035532994924	49.48324873096447	112.248730964467
986	48.13793103448276	37.14198782961461	23.337728194726168	88.56997971602433
987	37.60182370820669	34.76494427558257	21.79128672745694	166.27659574468086
988	82.75708502024291	47.01720647773279	30.591093117408906	100.78137651821862
989	79.57330637007078	47.48938321536906	36.088978766430735	102.08493427704752
990	48.43030303030303	38.064646464646465	24.97171717171717	107.4040404040404
991	65.30776992936428	38.583249243188696	23.766902119071645	104.99293642785065
992	30.704637096774192	34.72782258064516	20.94858870967742	103.7711693548387
993	54.81772406847936	39.23363544813696	23.38368580060423	104.15609264853978
994	33.78169014084507	35.67102615694165	21.006036217303823	104.44164989939638
995	36.731658291457286	36.03618090452261	22.20402010050251	104.90552763819096
996	34.72791164658634	35.79618473895582	21.360441767068274	105.24096385542168
997	34.408224674022065	35.88665997993982	21.69207622868606	139.67602808425275
998	34.17835671342685	35.794589178356716	21.080160320641284	104.85370741482966
999	33.393393393393396	35.25725725725726	20.57857857857858	110.68868868868869
1000	95.122	46.201	34.778	127.281
